"","unit_","area_pixels_","thinning","herbicide","rxfire","area_pixels"
"13",145,3339,0,0,0,3339
"14",146,3566,0,0,0,2247
"19",182,1395,0,0,0,1395
"21",200,669,0,0,0,669
"22",203,777,0,0,0,777
"23",209,946,0,0,0,946
"24",214,1731,0,0,0,1731
"25",226,2735,0,0,0,2735
"31",274,5799,0,0,0,5799
"33",283,211,0,0,0,211
"41",328,1379,0,0,0,1379
"42",329,1967,0,0,0,1266
"44",333,46815,1,1,0,21607
"55",361,483,0,0,0,483
"57",363,2198,0,0,0,1538
"58",364,500,0,0,0,500
"70",1009,870,0,0,0,870
"71",1010,576,0,0,0,576
"73",1012,919,0,0,0,64
"74",1013,936,0,0,0,76
"75",1014,847,0,0,0,847
"76",1015,406,0,0,0,406
"77",1016,498,0,0,0,498
"78",1017,756,0,0,0,131
"83",1022,988,0,0,0,96
"84",1023,1004,0,0,0,1004
"85",1024,1203,0,0,0,1203
"86",1025,1258,0,0,0,52
"87",1026,781,0,0,0,781
"88",1027,885,0,0,0,263
"89",1028,2015,0,0,0,103
"90",1029,3186,0,0,0,888
"93",1032,534,0,0,0,534
"100",1039,872,0,0,0,49
"102",1041,1617,0,0,0,1617
"109",1048,1023,0,0,0,1023
"115",1054,1099,0,0,0,1099
"117",1056,1767,0,0,0,1767
"143",1082,1423,0,0,0,739
"145",1084,784,0,0,0,784
"146",1085,859,0,0,0,859
"149",1088,618,0,0,0,617
"150",1089,678,0,0,0,678
"151",1090,1193,0,0,0,1193
"153",1092,1456,0,0,0,1340
"154",1093,2662,0,0,0,2457
"155",1094,1570,0,0,0,1570
"156",1095,3159,0,0,0,3159
"160",1099,977,0,0,0,977
"168",1107,1070,0,0,0,974
"176",1115,712,0,0,0,712
"177",1116,795,0,0,0,795
"178",1117,1043,0,0,0,1043
"179",1118,2092,0,0,0,433
"180",1119,1153,0,0,0,1153
"181",1120,1117,0,0,0,1117
"182",1121,5113,0,0,0,5113
"183",1122,1318,0,0,0,1318
"184",1123,625,0,0,0,625
"187",1126,1058,0,0,0,494
"189",1128,2189,0,0,0,2189
"190",1129,379,0,0,0,379
"191",1130,886,0,0,0,886
"192",1131,886,0,0,0,886
"193",1132,2859,0,0,0,720
"194",1133,749,0,0,0,72
"197",1136,1217,0,0,0,1217
"198",1137,1280,0,0,0,1280
"199",1138,794,0,0,0,794
"200",1139,793,0,0,0,793
"201",1140,812,0,0,0,812
"203",1142,2131,0,0,0,2117
"204",1143,675,0,0,0,542
"206",1145,1158,0,0,0,1158
"207",1146,1389,0,0,0,1389
"208",1147,2118,0,0,0,2118
"210",1149,745,0,0,0,740
"211",1150,2975,0,0,0,2975
"213",1152,2388,0,0,0,2388
"214",1153,3619,0,0,0,3619
"215",1154,3245,0,0,0,3245
"216",1155,696,0,0,0,696
"217",1156,365,0,0,0,365
"218",1157,859,0,0,0,859
"219",1158,461,0,0,0,256
"220",1159,644,0,0,0,644
"229",1168,627,0,0,0,627
"230",1169,1017,0,0,0,1017
"231",1170,1001,0,0,0,1001
"232",1171,1142,0,0,0,1142
"235",1174,1918,0,0,0,1918
"236",1175,908,0,0,0,908
"239",1178,990,0,0,0,990
"240",1179,1508,0,0,0,1508
"241",1180,1233,0,0,0,1233
"242",1181,919,0,0,0,919
"243",1182,1273,0,0,0,1273
"244",1183,643,0,0,0,643
"245",1184,585,0,0,0,585
"246",1185,1721,0,0,0,1721
"247",1186,598,0,0,0,598
"258",1197,1320,0,0,0,1320
"259",1198,1905,0,0,0,1905
"260",1199,1312,0,0,0,1312
"273",1212,756,0,0,0,756
"274",1213,2377,0,0,0,2377
"277",1216,1266,0,0,0,563
"308",1247,573,0,0,0,15
"309",1248,720,0,0,0,720
"310",1249,1481,0,0,0,1481
"311",1250,680,0,0,0,680
"314",1253,1420,0,0,0,1420
"325",1264,1079,0,0,0,255
"328",1267,682,0,0,0,682
"329",1268,804,0,0,0,804
"330",1269,1023,0,0,0,1023
"336",1275,1648,0,0,0,1648
"337",1276,1145,0,0,0,1145
"338",1277,807,0,0,0,807
"339",1278,1415,0,0,0,1415
"340",1279,414,0,0,0,414
"344",1283,891,0,0,0,891
"345",1284,540,0,0,0,540
"346",1285,417,0,0,0,417
"347",1286,1076,0,0,0,1076
"348",1287,1030,0,0,0,1030
"349",1288,511,0,0,0,511
"350",1289,976,0,0,0,976
"351",1290,1992,0,0,0,1992
"352",1291,1439,0,0,0,1439
"353",1292,802,0,0,0,802
"354",1293,580,0,0,0,580
"355",1294,1679,0,0,0,1679
"356",1295,823,0,0,0,823
"357",1296,750,0,0,0,750
"358",1297,677,0,0,0,677
"364",1303,1498,0,0,0,1498
"365",1304,1187,0,0,0,1187
"366",1305,1157,0,0,0,1157
"380",1319,1164,0,0,0,129
"381",1320,1391,0,0,0,1391
"382",1321,1194,0,0,0,261
"383",1322,1422,0,0,0,1422
"384",1323,612,0,0,0,612
"390",1329,3452,0,0,0,3452
"391",1330,2612,0,0,0,2612
"392",1331,634,0,0,0,475
"394",1333,1525,0,0,0,1525
"401",1340,7756,0,0,0,1458
"402",1341,1581,0,0,0,24
"406",1345,478,0,0,0,478
"408",1347,1430,0,0,0,1430
"409",1348,347,0,0,0,347
"410",1349,808,0,0,0,808
"411",1350,830,0,0,0,830
"415",1354,541,0,0,0,541
"416",1355,2821,0,0,0,1959
"423",1362,553,0,0,0,553
"424",1363,636,0,0,0,636
"425",1364,685,0,0,0,685
"427",1366,1091,0,0,0,1091
"433",1372,920,0,0,0,920
"434",1373,3388,0,0,0,3388
"435",1374,1188,0,0,0,1188
"436",1375,805,0,0,0,805
"437",1376,1189,0,0,0,147
"438",1377,832,0,0,0,832
"442",1381,2158,0,0,0,2158
"444",1383,568,0,0,0,568
"449",1388,1441,0,0,0,1441
"450",1389,1981,0,0,0,1981
"451",1390,2212,0,0,0,2212
"453",1392,1704,0,0,0,1704
"454",1393,326,0,0,0,326
"455",1394,449,0,0,0,449
"456",1395,632,0,0,0,632
"457",1396,946,0,0,0,946
"460",1399,829,0,0,0,829
"461",1400,1280,0,0,0,1280
"468",1407,1213,0,0,0,1213
"469",1408,1183,0,0,0,1183
"472",1411,1691,0,0,0,1691
"473",1412,1041,0,0,0,1041
"474",1413,834,0,0,0,834
"475",1414,1368,0,0,0,1368
"477",1416,1068,0,0,0,1068
"479",1418,3548,0,0,0,3548
"480",1419,2247,0,0,0,1303
"484",1423,757,0,0,0,757
"491",1430,558,0,0,0,558
"494",1433,571,0,0,0,571
"497",1436,1104,0,0,0,24
"505",1444,1400,0,0,0,1400
"506",1445,692,0,0,0,692
"507",1446,938,0,0,0,938
"508",1447,942,0,0,0,942
"513",1452,2074,0,0,0,2074
"514",1453,762,0,0,0,762
"517",1456,1634,0,0,0,1634
"519",1458,1024,0,0,0,1024
"522",1461,1350,0,0,0,229
"523",1462,1071,0,0,0,1071
"524",1463,1051,0,0,0,5
"528",1467,1496,0,0,0,1496
"534",1473,4064,0,0,0,4064
"535",1474,1849,0,0,0,1849
"540",1479,1081,0,0,0,1081
"541",1480,794,0,0,0,794
"542",1481,1081,0,0,0,1081
"543",1482,3625,0,0,0,3625
"544",1483,1521,0,0,0,1521
"545",1484,350,0,0,0,350
"553",1492,1241,0,0,0,1241
"558",1497,1003,0,0,0,1003
"559",1498,773,0,0,0,773
"567",1506,3879,0,0,0,213
"569",1508,3387,0,0,0,3387
"574",1514,1766,0,0,0,1766
"585",1525,4019,0,0,0,1148
"589",1529,2503,0,0,0,2503
"590",1530,3480,0,0,0,1975
"597",1537,842,0,0,0,842
"598",1538,570,0,0,0,570
"601",1541,1010,0,0,0,1010
"602",1542,1900,0,0,0,1900
"609",1549,1060,0,0,0,1060
"616",1556,856,0,0,0,123
"617",1557,1085,0,0,0,1085
"618",1558,1132,0,0,0,1132
"625",1565,783,0,0,0,783
"626",1566,681,0,0,0,681
"637",1577,4019,0,0,0,4019
"638",1578,6789,0,0,0,6789
"639",1579,5260,0,0,0,5260
"640",1580,5396,0,0,0,5396
"641",1581,1190,0,0,0,1190
"643",1583,1793,0,0,0,1793
"644",1584,1074,0,0,0,1074
"645",1585,1004,0,0,0,1004
"646",1586,875,0,0,0,875
"648",1588,1382,0,0,0,1382
"649",1589,455,0,0,0,455
"650",1590,1268,0,0,0,1268
"654",1594,1160,0,0,0,1160
"661",1601,4355,0,0,0,580
"663",1603,1399,0,0,0,7
"672",1612,6886,0,0,0,6886
"673",1613,6654,0,0,0,5312
"681",1621,1827,0,0,0,1827
"687",1627,1101,0,0,0,1101
"688",1628,875,0,0,0,875
"704",1644,821,0,0,0,821
"706",1646,639,0,0,0,639
"711",1651,805,0,0,0,805
"722",1662,3196,0,0,0,3196
"724",1664,841,0,0,0,841
"735",1675,2875,0,0,0,2875
"736",1676,506,0,0,0,506
"738",1678,2029,0,0,0,342
"740",1680,1640,0,0,0,395
"741",1681,1689,0,0,0,389
"742",1682,3088,0,0,0,337
"743",1683,471,0,0,0,471
"744",1684,869,0,0,0,869
"745",1685,1623,0,0,0,1571
"746",1686,3468,0,0,0,2788
"747",1687,1326,0,0,0,1326
"748",1688,1395,0,0,0,1395
"754",1694,3437,0,0,0,3437
"755",1695,802,0,0,0,802
"759",1700,967,0,0,0,967
"762",1703,3110,0,0,0,3110
"770",1711,3573,0,0,0,507
"771",1712,1603,0,0,0,1603
"772",1713,2565,0,0,0,2565
"779",1720,1749,0,0,0,178
"781",1722,1580,0,0,0,1580
"782",1723,992,0,0,0,992
"795",1736,2480,0,0,0,2480
"798",1739,1084,0,0,0,1084
"809",1750,1413,0,0,0,1413
"810",1751,1602,0,0,0,1444
"811",1752,2433,0,0,0,2055
"812",1753,584,0,0,0,584
"813",1754,2729,0,0,0,2729
"827",1768,7081,0,0,0,3703
"830",1771,1155,0,0,0,1155
"831",1772,959,0,0,0,959
"832",1773,596,0,0,0,596
"833",1774,1459,0,0,0,1459
"839",1780,550,0,0,0,550
"846",1787,967,0,0,0,967
"847",1788,2994,0,0,0,2994
"848",1789,798,0,0,0,798
"849",1790,2950,0,0,0,2950
"854",1795,1708,0,0,0,1708
"858",1799,2268,0,0,0,2268
"868",1810,2317,0,0,0,1203
"869",1811,3833,0,0,0,3833
"877",1819,977,0,0,0,977
"878",1820,1776,0,0,0,1776
"879",1821,1250,0,0,0,1250
"880",1822,2877,0,0,0,2877
"881",1823,1827,0,0,0,1163
"891",1833,4758,0,0,0,4758
"892",1834,762,0,0,0,762
"895",1837,994,0,0,0,994
"896",1838,1453,0,0,0,1453
"902",1844,1287,0,0,0,1287
"904",1846,1147,0,0,0,2
"907",1849,906,0,0,0,906
"908",1850,766,0,0,0,766
"909",1851,928,0,0,0,928
"915",1857,1385,0,0,0,1385
"917",1859,981,0,0,0,981
"918",1860,872,0,0,0,872
"919",1861,478,0,0,0,478
"928",1870,781,0,0,0,781
"933",1875,2715,0,0,0,2715
"942",1885,1062,0,0,0,234
"944",1887,1067,0,0,0,1067
"946",1889,1417,0,0,0,1417
"948",1891,1546,0,0,0,1073
"957",1900,1492,0,0,0,1492
"959",1902,1355,0,0,0,1355
"960",1903,3635,0,0,0,3635
"961",1904,1678,0,0,0,1678
"962",1905,4509,0,0,0,4509
"963",1906,1509,0,0,0,1509
"964",1907,996,0,0,0,996
"965",1908,2024,0,0,0,2024
"979",1922,578,0,0,0,578
"1000",1943,603,0,0,0,603
"1001",1944,1783,0,0,0,1783
"1003",1946,1692,0,0,0,194
"1004",1947,1328,0,0,0,264
"1018",8888,2612191,1,1,1,73469
"1019",9999,342940,1,1,1,100638
